t,vEgo,aEgo,roll,rollLateralAcceleration,targetLateralAcceleration,currentLateralAcceleration,steerCommand
20,33.815554964227864,-0.0305026929527783,-0.0116617066881816,-0.11439874961924688,0.0790457985308795,0.0790457985308795,-0.0043715436604886
21,33.81405654363311,0.0063106110059504,-0.0116848672901971,-0.11462593964503906,0.0694940782787999,0.0694940782787999,-0.0091474118919518
22,33.79662929995448,-0.0999671354210411,-0.0119961641274369,-0.11767954753895299,0.0555061506688747,0.0555061506688747,-0.0147533262297541
23,33.79467937210345,-0.0804339789254323,-0.0123074609646766,-0.12073314402904466,0.0168758207526133,0.0168758207526133,-0.032975734808749
24,33.78679020761715,-0.0829971658744587,-0.0123287381604434,-0.12094185748388361,0.0157705931358813,0.0157705931358813,-0.0334410492888626
25,33.79061176499594,0.007583006782995,-0.0123181567002707,-0.12083806124171913,0.0146816003368575,0.0146816003368575,-0.0340487076640012
26,33.78907736389064,-0.0030176940677709,-0.0123398016292153,-0.12105038185687698,0.0223145694662846,0.0223145694662846,-0.0300325865294043
27,33.78863861968925,-0.0007449921228229,-0.0124141199544571,-0.12177938878578799,0.0111298684919856,0.0111298684919856,-0.0353868649393255
28,33.77881909453046,-0.0736466936777145,-0.012488438279699,-0.12250839504208644,0.0227536320511264,0.0227536320511264,-0.029068168636484
29,33.77829710954804,-0.0383803657238098,-0.0123895125466825,-0.12153800867945416,0.0242016020702714,0.0242016020702714,-0.0288238737187494
30,33.77661761753257,-0.0138089063269754,-0.0122727908244718,-0.12039305563996773,0.022130926107927,0.022130926107927,-0.03047236278242
31,33.77182471967427,-0.0272208018946498,-0.0121391547650711,-0.11908218355492932,0.0138086130673847,0.0138086130673847,-0.0354105845217448
32,33.77201710391012,-0.0046554030620249,-0.0119784883393335,-0.11750616051591678,0.0149651918582745,0.0149651918582745,-0.0356252561194631
33,33.76668224254847,-0.0367537815923367,-0.011817821913596,-0.11593013444363644,0.0152206557014606,0.0152206557014606,-0.0363062604600815
34,33.767963476029074,0.0246963005429224,-0.0118753257561224,-0.11649420755504786,0.0191635514588565,0.0191635514588565,-0.0339964518204209
35,33.762470869090386,-0.0076909737243072,-0.0119637597665202,-0.1173616835695753,-0.0036566279642675,-0.0036566279642675,-0.0452446070593509
36,33.77104853249844,0.0361506881828439,-0.011904164566754,-0.11677709629072604,-0.0071766021906939,-0.0071766021906939,-0.0473361956682899
37,33.76253300427723,-0.0521648208235909,-0.0115869436643604,-0.11366537390719458,-0.007459329131233,-0.007459329131233,-0.0490833928803951
38,33.768359974962145,0.0315882744902794,-0.0112697227619668,-0.11055364008561883,-0.0062311260688662,-0.0062311260688662,-0.050040431128959
39,33.76964125877036,0.0488258806224202,-0.0116424934914645,-0.11421028095450954,-0.0069063868642619,-0.0069063868642619,-0.0485131883052915
40,33.76937251152019,0.0319470926157686,-0.0120989749806785,-0.11868804881546198,-0.0320710217621077,-0.0320710217621077,-0.0590959662755918
41,33.76887301905764,-0.0174915527939354,-0.0123740173655758,-0.12138601260465823,-0.0327266197403058,-0.0327266197403058,-0.0580523162398299
42,33.774712584461994,0.0198568001904732,-0.0123603808553261,-0.12125224866919904,-0.0326867454178873,-0.0326867454178873,-0.058092195394008
43,33.785014581725015,0.1110286353880386,-0.0123467443450764,-0.12111848471119244,-0.0340495611128785,-0.0340495611128785,-0.0588428345928137
44,33.775369068299995,0.0002517747481847,-0.0123477865310687,-0.12112870777644888,-0.0334870260415451,-0.0334870260415451,-0.0585636115077421
45,33.77985489659618,0.0057619750247295,-0.0123507539969035,-0.12115781639654977,-0.0322411203637906,-0.0322411203637906,-0.0579054916500766
46,33.790813268628305,0.0654652688793686,-0.012482333529411,-0.12244851210948574,-0.0329543393785214,-0.0329543393785214,-0.0575951284479572
47,33.799747513984144,0.1057846019726939,-0.012824138436276902,-0.1258013498096092,-0.0326711386180638,-0.0326711386180638,-0.0557245790953341
48,33.80446968624776,0.0969298963163723,-0.013165943343142802,-0.1291541728122863,-0.0351980093032984,-0.0351980093032984,-0.0552961719157521
49,33.7987587958814,-0.0241979917351599,-0.0132673092565333,-0.1301484855730161,-0.0375549080420754,-0.0375549080420754,-0.0560001752640679
50,33.80739804171629,0.0313538602480485,-0.0133364707258974,-0.13082689956353763,-0.0259367401770835,-0.0259367401770835,-0.0497034261325804
51,33.80872572953115,0.031254029015132,-0.0133811198362094,-0.13126486825337658,-0.0258426607838931,-0.0258426607838931,-0.0494298347019272
52,33.821975523259326,0.1082245515438864,-0.0133868375482537,-0.13132095398481275,-0.02916795567473,-0.02916795567473,-0.0510849195979581
53,33.81428878203827,-0.0044839110683235,-0.013392555260298002,-0.13137703971195577,-0.030306204075103,-0.030306204075103,-0.0516474278872726
54,33.82452926522064,0.0372406602640478,-0.013568982850633498,-0.13310763710728027,-0.0263505726488268,-0.0263505726488268,-0.0487289149555078
55,33.83347872613723,0.0664154392336985,-0.0137625542775803,-0.13500639548923543,-0.0245314330906302,-0.0245314330906302,-0.0468185583592852
56,33.83906087027438,0.0828518109938066,-0.013831581476384901,-0.1356834878589212,-0.0247677783582524,-0.0247677783582524,-0.0465870847927473
57,33.8400097558226,0.0278993978475904,-0.0137111887834134,-0.13450254753371918,-0.0234847287324483,-0.0234847287324483,-0.0465338503732067
58,33.843273664134294,0.0255278056208267,-0.013590796090442,-0.13332160525898437,-0.0211423038217462,-0.0211423038217462,-0.0459367468441538
59,33.85198506706304,0.0571560653845561,-0.0136528537371429,-0.13393033429256754,-0.019772470558163,-0.019772470558163,-0.0449163614207336
60,33.86089892396075,0.0948660664000755,-0.0137395155963127,-0.13478040739384195,-0.0181003759992969,-0.0181003759992969,-0.0436184244120494
61,33.86126778809077,0.0453173317590202,-0.013781124834175,-0.13518855537351507,-0.0174885705748126,-0.0174885705748126,-0.043097004526412
62,33.86882769544114,0.06362882570567,-0.013753990347914097,-0.13492239129041717,-0.019068930234382,-0.019068930234382,-0.0440323092084588
63,33.87014846223603,0.0312718522973047,-0.0137268558616532,-0.1346562271079786,-0.0175614249122709,-0.0175614249122709,-0.0433969399114634
64,33.86760482978328,0.0015555267075058,-0.0139446708404594,-0.13679278753041543,-0.0176227101347924,-0.0176227101347924,-0.0423395682451646
65,33.872743173743665,0.0326545888308481,-0.0141930511016054,-0.13922915674735697,-0.0197789854297692,-0.0197789854297692,-0.0421913102014546
66,33.875701673733595,0.0150646506938928,-0.0145013660495428,-0.1422534150876567,-0.0333946110676096,-0.0333946110676096,-0.0475963721802713
67,33.88296708015132,0.0536547754822397,-0.0149095885247509,-0.14625764454318985,-0.0329006260254343,-0.0329006260254343,-0.0452919308705868
68,33.890916340299995,0.0665096988677076,-0.0153178109999591,-0.15026184962553293,-0.0342742107118519,-0.0342742107118519,-0.0439405664499437
69,33.89209823655641,0.0365314994666573,-0.0154266662501678,-0.15132959346014235,-0.0351954952239222,-0.0351954952239222,-0.0438645655715121
70,33.8977658509093,0.0519012946052617,-0.0155028937603311,-0.1520772959157097,-0.0327443317749555,-0.0327443317749555,-0.0422259031331381
71,33.902541393261615,0.047075375412252,-0.015577491608835401,-0.1528090124465869,-0.0192532733658101,-0.0192532733658101,-0.0349604435271631
72,33.90028619523577,-0.0134294005496084,-0.0156495113821927,-0.1535154403073254,-0.02024864737761,-0.02024864737761,-0.0351098724350656
73,33.90603777740527,0.0200973601140376,-0.01572153115555,-0.1542218673718027,-0.0239412271008519,-0.0239412271008519,-0.0366295838451476
74,33.90689211937467,0.0129819255628595,-0.0154702532825655,-0.15175713122586304,-0.02055149979328,-0.02055149979328,-0.0361566190737958
75,33.91122711406153,0.0361334778591657,-0.0151764762529938,-0.1488755169186855,-0.0158948574484177,-0.0158948574484177,-0.0352467629181779
76,33.91332708419147,0.0130494726630887,-0.015000587603836598,-0.14715024568220808,-0.0111752975471886,-0.0111752975471886,-0.0337164514034963
77,33.92263659455201,0.0292204610052084,-0.015022299403712002,-0.14736321444117242,-0.011262212649733,-0.011262212649733,-0.0336446164255816
78,33.930161963441826,0.0562334894359076,-0.015044011203587502,-0.14757618313067036,-0.0132751839770662,-0.0132751839770662,-0.0345570952532863
79,33.93279829112615,0.0370368451503375,-0.0150154357572817,-0.14729588966350832,-0.013634474035144,-0.013634474035144,-0.0348812617747825
80,33.930875525217964,0.0090341251790387,-0.014980129622723801,-0.14694957543599718,-0.0120763482168982,-0.0120763482168982,-0.0342645132945344
81,33.936232664389685,0.0336214816590951,-0.014922564802444502,-0.14638492766648117,-0.009599292185702,-0.009599292185702,-0.0332843691345993
82,33.937689591274435,0.0147583460204468,-0.014827687797209202,-0.14545428721608425,-0.0112712111938623,-0.0112712111938623,-0.034611046331649
83,33.940974536665635,0.012100270793696,-0.0147328107919738,-0.14452364545635832,-0.0141074243482692,-0.0141074243482692,-0.0365298699907919
84,33.93596557517614,-0.0291939389641564,-0.014703680151006301,-0.14423790482080362,-0.0066573407448331,-0.0066573407448331,-0.0328789704334996
85,33.93410916765669,-0.0256322808545993,-0.0146835377011808,-0.14404032871848962,0.0071902675821232,0.0071902675821232,-0.0259139534806424
86,33.93425902624514,-0.0238090339017934,-0.014619402715498699,-0.14341123203779776,-0.0051377049056001,-0.0051377049056001,-0.0325267056566199
87,33.94097452356424,0.0421858774087407,-0.014484973862960802,-0.14209262462594427,-0.0041320761848525,-0.0041320761848525,-0.0326811719163712
88,33.938110665200604,0.0131906005412464,-0.0143505450104229,-0.14077401464631836,0.0005584987372746,0.0005584987372746,-0.0309628435702739
89,33.94518384658281,0.0478200569691826,-0.0145885068628611,-0.14310817604351575,-0.0004119828984124,-0.0004119828984124,-0.030261865433854
90,33.946624391136226,0.0321221231016156,-0.0148760047834619,-0.14592822457645196,-0.0047693120597479,-0.0047693120597479,-0.0310451166802989
91,33.94306526272969,-0.0242571889721662,-0.0151036826862732,-0.14816149387202845,-0.005026024531701,-0.005026024531701,-0.0300392610660675
92,33.94294015606507,0.0121611050691711,-0.015233699908997098,-0.14943681609305215,-0.0057919435758577,-0.0057919435758577,-0.0297794305053417
93,33.92181535709836,-0.1198367827714825,-0.015363717131721098,-0.15071213578792544,-0.0095988804209752,-0.0095988804209752,-0.0310868218021748
94,33.929368429496954,-0.0228540218350397,-0.0153539395670227,-0.15061622919122306,-0.0110756550074282,-0.0110756550074282,-0.0318838647398373
95,33.92721710406184,-0.0089295031195276,-0.0153259712893293,-0.15034189266786901,-0.0112854321451208,-0.0112854321451208,-0.0321325867316226
96,33.92914250767871,0.0335745357484607,-0.015200682670435901,-0.14911295448356823,-0.0122036304504563,-0.0122036304504563,-0.033226883868777
97,33.91475981329737,-0.0721465359744174,-0.0149147244143731,-0.14630802201858423,-0.0111640632403775,-0.0111640632403775,-0.0341395042088364
98,33.914622776737744,-0.0647854372908621,-0.014628766158310201,-0.14350307758968156,-0.0084810937497608,-0.0084810937497608,-0.0342018816433147
99,33.91221204127437,-0.0400615069578885,-0.014751640811772,-0.1447083478777721,-0.0054637862327695,-0.0054637862327695,-0.0320480691242686
100,33.91742321737748,0.0412774386436616,-0.014926939333348798,-0.14642783703521586,-0.0061279420425694,-0.014662756598240456,-0.007845107308364994
101,33.91879107506839,0.0341763868683473,-0.015021870764317498,-0.1473590099631546,-0.0122438439100998,0.07331378299120228,-0.007360537869163305
102,33.9143831728308,-0.0180154183175211,-0.014989767771919998,-0.14704411506424359,-0.0043781593766172,0.014662756598240456,-0.026342070893500748
103,33.92047438957183,0.0143953614077471,-0.0149576647795224,-0.14672922001378766,0.0052956757741088,0.08308895405669592,-0.021822523954676126
104,33.91721080875138,-0.0076973874523427,-0.014692741194827299,-0.14413060525209132,0.0052522559415043,0.15151515151515138,-0.035707661759710345
105,33.917610267676785,0.0111414496833777,-0.0143961144837296,-0.14122100500299178,0.0213998845065615,0.15151515151515138,-0.05977163495985806
106,33.923258368461326,0.0530339587846819,-0.0141826818360002,-0.1391274444897418,0.0244212297698508,0.053763440860215006,-0.07482276025835113
107,33.917381607218495,-0.0241359881779518,-0.0141075654692252,-0.13839062665092106,0.0209096763586071,-0.04398826979472137,-0.06456590308095325
108,33.92117415073663,0.0079417631140357,-0.0140324491024502,-0.1376538080312356,0.0180340736935961,-0.09286412512218956,-0.039896533063636386
109,33.91869289071214,0.0108303719980227,-0.014089814413307498,-0.13821650609904138,0.0078045165166151,-0.1319648093841641,-0.019313460838920694
110,33.91824823835804,0.0281795616280698,-0.014164817795671199,-0.13895221585688428,0.0061033111818009,-0.12218963831867047,0.0018523310273083982
111,33.91630003636907,-0.010825586758863,-0.0140936296411925,-0.13825392976855266,0.0143210684477163,-0.19061583577712593,0.017264421327546464
112,33.91835770262404,0.0194392951586916,-0.0137882138202479,-0.13525809171981923,0.0174076730294827,-0.1808406647116323,0.048139047166541195
113,33.91830613543379,0.0054940478374016,-0.0134827979993032,-0.13226224105436923,0.0088816916998947,-0.1319648093841641,0.06830269767572406
114,33.92285688302534,0.0545547147701595,-0.0134903582139165,-0.13233640001490968,0.020116506662001,-0.17106549364613866,0.07719584047151985
115,33.911796524182705,-0.0425434909472682,-0.0135459581848397,-0.13288178589372976,0.0217301863036169,-0.15151515151515138,0.10026187300144106
116,33.924384441601184,0.0718157772460558,-0.013513439487684801,-0.13256280667189316,0.0123536083412933,-0.14173998044965774,0.11469898762072568
117,33.91765567793453,-0.0211444448684098,-0.013346174973295398,-0.1309220897583893,0.023856614254936,-0.1319648093841641,0.12997087287467673
118,33.91937888832745,0.0283437051972934,-0.013178910458905901,-0.1292813691820225,0.0218485660155948,-0.1808406647116323,0.14377056852031797
119,33.905104746596834,-0.0550260991341055,-0.012810796331920797,-0.1256704745171981,0.0267908233617241,-0.2101661779081132,0.17155137870414822
120,33.89048302779624,-0.1289235449406991,-0.012414903787885,-0.1217870775991773,0.0328679442505965,-0.08308895405669592,0.20373432493184004
121,33.89792867383928,-0.0015463344894234,-0.012298481430422,-0.12064506146465279,0.037051724215902,-0.014662756598240456,0.2001738633337957
122,33.90336518026069,0.038888089648429,-0.0126196148364405,-0.12379513565867324,0.0343744551676191,0.004887585532746819,0.18846753974046088
123,33.90166398241921,0.0261538534048996,-0.012940748242459102,-0.1269451970861154,0.0290096943482808,0.014662756598240456,0.18357332227821088
124,33.903891597719,0.0110182981875137,-0.0128746105465804,-0.12629644033750856,0.0277031396905877,0.04398826979472137,0.18198325507838584
125,33.897686345404416,-0.0647135162206109,-0.0127592569712153,-0.12516491471016844,0.0251455879616661,0.11241446725317683,0.17498426021234426
126,33.898819166570014,-0.0216450572113461,-0.012606777496106,-0.12366921136747555,0.0196287975765673,0.11241446725317683,0.15351598652985224
127,33.89055524912571,-0.0670098088419592,-0.0123954358963841,-0.12159611227815716,0.0249257351357787,0.04398826979472137,0.1416003000958121
128,33.88618769681432,-0.0281269010527577,-0.0121840942966622,-0.11952300775771538,0.031714564951499,0.07331378299120228,0.15133420117506102
129,33.8770447965386,-0.0753397614438746,-0.0123086694712784,-0.12074499858083766,0.0316334642599177,0.1026392961876832,0.14697682657535902
130,33.878200559132495,-0.0243552946445713,-0.0124779602099021,-0.12240561318616118,0.027117700621725,0.14173998044965774,0.13306065517217225
131,33.87195277059659,-0.0394821650876554,-0.0126847634408888,-0.1244341923153656,0.0262434266785796,0.09286412512218956,0.1140409680576997
132,33.869475025133575,-0.0669638215814662,-0.0129515406239144,-0.12705106147599535,0.0212895937342317,0.07331378299120228,0.11100176931243563
133,33.87946890586927,0.0183807931761743,-0.013218317806939998,-0.12966792159439275,0.0144092067562882,0.11241446725317683,0.10923831250698182
134,33.88409865247222,0.0280110862318869,-0.013277999470506001,-0.13025334733500993,0.0069342989936875,0.08308895405669592,0.09274806923665453
135,33.874559803330136,-0.0581378046215233,-0.0133084401305324,-0.1305519438254677,0.0072018782763359,0.024437927663734094,0.0868930744133524
136,33.87013279830958,-0.043267203478431,-0.013376917370671702,-0.13122364575610213,0.0076775388912447,0.004887585532746819,0.09518145899261493
137,33.868775569502176,-0.0360139659082348,-0.013505628722399302,-0.13248619005652823,0.0071403561466942,-0.09286412512218956,0.10124031909830085
138,33.86078444579065,-0.0715120351914553,-0.013634340074127001,-0.133748732162108,0.006808607783265,-0.09286412512218956,0.12604892448172147
139,33.867147010018314,-0.0067278223795732,-0.0136993159693236,-0.13438608616605396,0.0051090681258752,-0.14173998044965774,0.1407681671766285
140,33.8707484460417,0.0192268277927392,-0.0137555777379036,-0.1349379621131443,0.0057239391452608,-0.11241446725317683,0.16245216667553192
141,33.865811890999765,-0.0252441692734064,-0.013879177226481701,-0.136150357350915,0.0064303443713804,-0.11241446725317683,0.1728957430025796
142,33.86631745557187,-0.0168870115347416,-0.0141102845932253,-0.13841729860245897,0.002491383575307,-0.03421309872922773,0.18231018292995638
143,33.863514214929054,-0.0337394089805638,-0.014341391959968799,-0.14068423246104894,-0.0042480990884953,-0.053763440860215006,0.17303631710317707
144,33.86170589871641,-0.0363709267823063,-0.014258150184810999,-0.13986771413634322,-0.0061532291553094,0.024437927663734094,0.17580109327382942
145,33.85313637921748,-0.0485156604010917,-0.0141312792236793,-0.13862323539396715,0.0067409832790111,-0.004887585532746819,0.165692978910031
146,33.855657128954576,0.0074769351341154,-0.013962350002324599,-0.13696620322488398,0.0052772732422903,-0.07331378299120228,0.16720456156347036
147,33.84645427359602,-0.0422417218051029,-0.0137266949168681,-0.13465464838838306,0.0166136487661695,-0.08308895405669592,0.18900026567016634
148,33.84753347605101,-0.0114046902815809,-0.013491039831411701,-0.13234308607406356,0.0195976296702873,-0.1319648093841641,0.2053081399906132
149,33.8500467341827,0.0100803051374648,-0.0134258663097569,-0.13170379172879232,0.0229955968801726,-0.14173998044965774,0.22890329847174049
150,33.856463934769046,0.0546023300212731,-0.0133829541693447,-0.1312828614502126,0.0204337832104628,-0.03421309872922773,0.2489154841824336
151,33.84879551372242,-0.0275868674825376,-0.0133127430177821,-0.1305941514101133,0.0172765524032546,0.03421309872922773,0.23872961325873374
152,33.83909600946447,-0.0673150108352423,-0.013198423052517599,-0.12947277107783173,0.0186187659242472,0.04398826979472137,0.2217779962951511
153,33.84041079511542,-0.02032966727232,-0.013084103087253201,-0.12835138905346447,0.010110067794586,0.004887585532746819,0.21223841552074008
154,33.8438299634074,-0.0007279084719998,-0.0129766952060101,-0.1272978071898226,-0.0106608509344666,-0.04398826979472137,0.21231735351235045
155,33.83435913340508,-0.0634076890489082,-0.0128701995824111,-0.12625317236398118,-0.0145190006396554,-0.08308895405669592,0.22262827219946557
156,33.828987083271976,-0.0690902325435753,-0.012897960575724902,-0.12652548510492534,-0.0120875935714313,-0.014662756598240456,0.23801190361486108
157,33.828182965179955,-0.0544494351132841,-0.013146203081841902,-0.12896053760754586,-0.006649010889732,-0.053763440860215006,0.23207023772791305
158,33.83409461475862,0.0423047855249909,-0.013394445587958999,-0.13139558216305913,-0.0076665688457003,-0.024437927663734094,0.23874938528164935
159,33.84940542312216,0.1260276710177054,-0.0136221949657701,-0.1336295997131993,-0.0110407133365199,-0.08308895405669592,0.2374641610169924
160,33.83746785743528,-0.043382287413838,-0.0138472455589598,-0.13583713779356774,-0.0125746973187455,-0.07331378299120228,0.2508931248556851
161,33.83466083167654,-0.0498257516393389,-0.0138838966148966,-0.1361966500906694,-0.0159112622533277,-0.09286412512218956,0.2577987136652308
162,33.82926162691748,-0.061845564018715,-0.0136199296357924,-0.1336073788876294,-0.0143697212841997,-0.09286412512218956,0.26794827944124217
163,33.81763752902907,-0.0737007764582253,-0.0133559626566881,-0.13101809837501793,-0.0064136803407288,-0.14173998044965774,0.2788409515376672
164,33.819331302248585,0.0031824827696572,-0.013410795106323,-0.13155595653308738,-0.0017446620287824,-0.09286412512218956,0.30086552560655555
165,33.81038838216048,-0.062641814789353,-0.0135078363721488,-0.1325078451251338,0.0009926520173905,-0.06353861192570864,0.3065374087614586
166,33.816001381500755,-0.003273132216658,-0.013615352223010498,-0.13356247863171566,-0.0239073963048998,-0.053763440860215006,0.3003551578999653
167,33.82072802416853,0.0649540562277378,-0.0137397199675622,-0.13478241208656463,-0.0215338189450532,-0.014662756598240456,0.29965313902478463
168,33.81014347822029,-0.0215796591332454,-0.013864087712113799,-0.13600234345668777,-0.018908691268624,-0.053763440860215006,0.29365673205619963
169,33.80756477921853,-0.0387524131764483,-0.014105925238744398,-0.13837453759090076,-0.022029268822874,-0.06353861192570864,0.3000061199133967
170,33.81140761528444,0.0140958701471738,-0.014364418832351898,-0.1409101028118133,-0.0227442304137253,-0.08308895405669592,0.30727905346550366
171,33.80526179381084,-0.0041249432294452,-0.014467502999210501,-0.14192125341052672,-0.0194805439509175,-0.014662756598240456,0.31735967763855644
172,33.797979050429106,-0.0488665123917266,-0.0143379501487191,-0.14065047176402817,-0.0140741592242358,0.004887585532746819,0.30967886748351614
173,33.78700886901182,-0.1204615984416364,-0.014208397298227699,-0.13937968775686038,-0.0116051778313797,0.014662756598240456,0.30226398784750486
174,33.78905857035123,-0.0291950433137065,-0.0140200039874987,-0.13753173346271863,-0.0100932187896003,0.053763440860215006,0.29770970208223246
175,33.78303576108949,-0.0294141994052252,-0.013823742464969003,-0.13560659450868426,-0.0075654250682212,-0.004887585532746819,0.2859455147953674
176,33.777567708837594,-0.0291512615030897,-0.0136981875328108,-0.13437501724251846,-0.0023603911092602,-0.053763440860215006,0.2933274316090376
177,33.775827427513164,0.0004359255414438,-0.0136754662603121,-0.1341521424364235,-8.95516310343303e-05,-0.04398826979472137,0.3093420223930161
178,33.77523816846316,-0.0042894650280825,-0.0136527449878133,-0.13392926756107068,0.0016239713843613,-0.04398826979472137,0.3154692673125123
179,33.778318248135285,0.0127285112889955,-0.013684311797172898,-0.13423890903367164,-0.0071748143326619,-0.004887585532746819,0.31747391794024576
180,33.781817932855645,0.0361404260642273,-0.013722305001456,-0.13461158737403592,-0.0052752379640517,-0.014662756598240456,0.3116862597332553
181,33.78374587498402,0.0327834750481403,-0.0137883885999487,-0.1352598061457002,-0.0047611525024565,-0.024437927663734094,0.31216583585133195
182,33.78014032462523,-0.0190990405819317,-0.013898233743689899,-0.1363372837545846,-0.0047423043479245,-0.06353861192570864,0.3160714795080923
183,33.78531725979827,0.0212934095167061,-0.014008078887431,-0.1374147597184284,-0.002190210794142,-0.053763440860215006,0.3286400970897478
184,33.77564673435399,-0.0701014806796207,-0.0143790113534848,-0.14105324066056452,-0.0020555972430267,-0.06353861192570864,0.33464951950866006
185,33.77436877797228,-0.0149327702147603,-0.014789475218134,-0.14507946291751098,-0.0124035153027435,-0.014662756598240456,0.3391707495495148
186,33.77835213723859,0.0296786056007808,-0.015072709705177099,-0.14785768351253925,-0.0132018999549447,-0.004887585532746819,0.33223273754603755
187,33.77001241072783,-0.0448435341085658,-0.015157334431832802,-0.14868775725081831,-0.0143153821882836,0.024437927663734094,0.32711103439312716
188,33.77195764095915,-0.0139626442175699,-0.0152419591584886,-0.1495178299242941,-0.0159715580234596,-0.04398826979472137,0.3180935873570744
189,33.772222113128194,0.0139470370677566,-0.015178381965149697,-0.14889420980173468,-0.0472760911499206,-0.04398826979472137,0.3213940520380199
190,33.75675384235221,-0.0703860264627897,-0.0150958804916717,-0.14808496306845872,-0.0440309678764707,-0.08308895405669592,0.32381803794427055
191,33.747069546718464,-0.1179196315843542,-0.014929255063597898,-0.1464505518177516,-0.0446813677417119,0.004887585532746819,0.3332907284935979
192,33.73714861053726,-0.1429484626905442,-0.014623755866900998,-0.14345393188823474,-0.0475314440833705,-0.014662756598240456,0.3171893111427967
193,33.73907731703622,-0.0428210170787487,-0.0143182566702042,-0.1404572985701981,-0.0477744616285941,-0.014662756598240456,0.3118059700865914
194,33.73184759711344,-0.008874320247083,-0.0142582396038399,-0.1398685912478525,-0.047098573702321,-0.03421309872922773,0.30968165266475967
195,33.715412494570955,-0.1091950278946699,-0.014233094718036498,-0.13962194494732488,-0.035149653667221,-0.09286412512218956,0.3140967144586371
196,33.71617542004447,-0.064050714088617,-0.0142005244184073,-0.1393024625972106,-0.041479553434524,-0.053763440860215006,0.32833423250304994
197,33.716319025947136,-0.0281340052007772,-0.014156351533356901,-0.1388691701505291,-0.0456888423410851,0.004887585532746819,0.3257646958761908
198,33.70952809440283,-0.0452319719651721,-0.0141121786483066,-0.13843587743288097,-0.0353105715373315,-0.004887585532746819,0.31259472029758295
199,33.70861597867087,-0.0030490050336124,-0.014077052788540097,-0.1380913269753079,-0.0378077001631844,-0.04398826979472137,0.3077777348147402
200,33.69125625996664,-0.1236476448688303,-0.0140431654956772,-0.13775892549071644,-0.028045077856083,-0.03421309872922773,0.31669637979071374
201,33.695873695197264,-0.0250998464287209,-0.013896557696363603,-0.13632084331807467,-0.0290855671192781,-0.053763440860215006,0.31826306443319596
202,33.70040371399028,0.0354835414445342,-0.0135865527187689,-0.13327998162611202,-0.0292564529186029,-0.053763440860215006,0.32289241602903274
203,33.69307906437691,0.0094731681659494,-0.013276547741174299,-0.13023910712553288,0.0003026630622942,0.014662756598240456,0.33352353207614915
204,33.69133770244895,-0.012536984111588,-0.013240578695035499,-0.12988628179669573,0.0337688541510734,0.024437927663734094,0.3320364540739259
205,33.69311855107923,-0.0129334936605082,-0.013233415444217902,-0.12981601646250357,0.0316784305869383,0.024437927663734094,0.3292227095912463
206,33.692979230830424,0.0179449116813742,-0.0132294449724037,-0.12977706954348806,0.0270242085730097,0.024437927663734094,0.32819156164082564
207,33.69105696055353,2.8419828998574557e-05,-0.0132306406379935,-0.12978879799640994,0.0381801885383901,0.024437927663734094,0.3309032631166371
208,33.67727475513293,-0.080712584578448,-0.0132318363035833,-0.12980052644914625,0.0360312906535003,0.04398826979472137,0.3323487228541245
209,33.6768494890728,-0.0521306273678309,-0.013166658086013602,-0.12916118383211964,0.0330902456858357,0.06353861192570864,0.32795125188732815
210,33.672232839117285,-0.0454030853183393,-0.0130931632323954,-0.12844026146429635,0.03296900298533,0.09286412512218956,0.32090888243098975
211,33.6772009091262,0.0093623626580004,-0.0130340004284857,-0.12785992388093317,0.0321857398433357,0.07331378299120228,0.3095230036669717
212,33.67579635269013,0.0045452414880045,-0.012997519156517,-0.1275020729168463,0.0308177979933816,0.14173998044965774,0.3062595408611572
213,33.67462220552996,-0.0211373179905917,-0.0129610378845484,-0.12714422178307003,0.0326971839912319,0.11241446725317683,0.28686928120280336
214,33.673842826712004,-0.0288219519301818,-0.013149693949736998,-0.12899478006166185,0.0340610028158217,0.1026392961876832,0.2798648388986478
215,33.67510247826795,-0.016079161299089,-0.0133671929717778,-0.1311282579318259,0.030472954581733,0.08308895405669592,0.2751533107772291
216,33.67378336739223,-0.0090600680832723,-0.013599248222162902,-0.1334045130088791,0.0281886034956709,0.004887585532746819,0.27244296395957035
217,33.675069908933594,0.0113719745100018,-0.0138543017183543,-0.13590635207752677,0.0290188906206815,-0.024437927663734094,0.2869936870958972
218,33.6744624946618,-0.0017372994013654,-0.0141093552145457,-0.13840818230515559,0.0280799919928476,-0.07331378299120228,0.30046505607969803
219,33.672894009620634,-0.0158903762430559,-0.013869731469401398,-0.1360577033926388,0.0373224499096508,-0.07331378299120228,0.32128597042260826
220,33.67304095311884,-0.0006140030919338,-0.0135645583723706,-0.1330642369698829,0.0398782857252543,-0.03421309872922773,0.336048376582016
221,33.67566673353158,-0.0018119548483311,-0.0133119984431626,-0.13058684778031557,0.0391432717012556,0.04398826979472137,0.3378628037666831
222,33.67876770709297,0.0255839624959421,-0.0131431967050025,-0.12893104759862287,0.0338002572845338,0.03421309872922773,0.3228694081289325
223,33.67512808453695,-0.0244662071837836,-0.012974394966842401,-0.12727524374316548,0.0436724472275986,0.024437927663734094,0.3221774159461293
224,33.68118465195963,-0.0004349523303262,-0.013169163104489099,-0.12918575593288453,0.0460575279123924,-0.053763440860215006,0.3271074418529895
225,33.68910669857468,0.0666462851339403,-0.013409768014028498,-0.13154588166365655,0.0495601321214823,-0.09286412512218956,0.349686256622016
226,33.68432724674333,-0.0223039954702745,-0.013499463283776901,-0.13242571261714695,0.0570222333126652,-0.053763440860215006,0.37561711855470087
227,33.67393027010222,-0.0958852391200121,-0.013370789022331001,-0.13116353203524914,0.0398560155361236,0.03421309872922773,0.3794569917338828
228,33.687517635272364,0.0551493882065172,-0.013242114760885099,-0.12990134928166813,0.0489312680588448,0.004887585532746819,0.36674268009532873
229,33.695568707877854,0.0728638134024054,-0.013092956719808601,-0.1284382357494646,0.0389133322997848,-0.03421309872922773,0.36870516255361
230,33.68638928052675,-0.0330008242966725,-0.012940945568632,-0.12694713269378646,0.0364033438248646,-0.04398826979472137,0.38198598721496424
231,33.690091043291176,-0.0107460952247703,-0.0127566505555212,-0.12513934785305011,0.0349907343629462,0.04398826979472137,0.39301067825515257
232,33.692449036259084,0.0141760795952572,-0.0125200763765294,-0.12281874050814108,0.0389038452520678,0.1319648093841641,0.38100844469043116
233,33.697110244507385,0.0561154735897503,-0.0122835021975376,-0.12049812628939363,0.0329242921401436,0.1319648093841641,0.353307266081318
234,33.697482982318725,0.033785534130973,-0.0120824323523683,-0.11852577749328921,0.0280033591332115,-0.024437927663734094,0.3372326756560659
235,33.70035152620981,0.0295919360949899,-0.0118865931949555,-0.11660473332878689,0.0334819675952657,-0.024437927663734094,0.3657510067950117
236,33.70143832250859,0.0002081454151381,-0.0117300486162484,-0.11506913807842814,0.0048258825776494,0.07331378299120228,0.3731879350586761
237,33.706213443227234,0.0412081587937109,-0.0116377707677319,-0.11416395417333974,0.0064058213978403,0.15151515151515138,0.3513219747928723
238,33.70902557052305,0.0350822991148446,-0.0115454929192153,-0.11325876929612132,-0.0039791323434795,0.11241446725317683,0.3180961847380996
239,33.71318508711635,0.050323331263431,-0.0115998590199592,-0.11379206503105702,-0.0008094857454322,0.03421309872922773,0.30808110134030253
240,33.71690206699326,0.0459671823146459,-0.0116726239186574,-0.1145058403610576,-0.0200838881955019,-0.03421309872922773,0.3132593593659016
241,33.724294368588424,0.0719421347426317,-0.0115220790606173,-0.11302909462073353,-0.0369384762337115,0.004887585532746819,0.3234331193550437
242,33.72246349863315,0.0325314955378251,-0.0110247289406696,-0.10815040002651408,-0.0359016631208471,0.04398826979472137,0.3166824200857837
243,33.73347787795843,0.0673539556518139,-0.0105273788207219,-0.10327167868052135,-0.0330001660961059,0.09286412512218956,0.301825906738111
244,33.73311064532774,0.0043965718029431,-0.0111673277362048,-0.1095492080931964,-0.0398546409406539,0.08308895405669592,0.278721766323827
245,33.73558767426579,0.0418877666807184,-0.0119725403629968,-0.11744781505205124,-0.0612364479643163,0.07331378299120228,0.2596873763165489
246,33.747880229129386,0.1193501475940507,-0.0122227816154147,-0.1199025020950122,-0.1144043151103563,0.014662756598240456,0.23413865195717254
247,33.74975510525309,0.0951215229127319,-0.0116008323462603,-0.113801612719628,-0.108341522703685,-0.014662756598240456,0.22872777340425893
248,33.75378863988926,0.0404500734018152,-0.0109788830771059,-0.10770067932340374,-0.1023842125296047,-0.03421309872922773,0.22839562112612274
249,33.7611484484741,0.016479254575134,-0.0101945381338294,-0.10000668681257466,-0.0945567062205624,-0.014662756598240456,0.22811890449411323
250,33.76417900869042,0.0289764575082924,-0.0093884774085925,-0.09209961036725421,-0.1012034634138356,0.014662756598240456,0.2171958716758303
251,33.75936522945592,0.0018931225113231,-0.0086964638644253,-0.08531123517396373,-0.0825222809287272,-0.053763440860215006,0.20457742669793283
252,33.75185062632298,-0.0296708091047426,-0.0081826847593223,-0.08027124170399785,-0.0728146453529267,-0.024437927663734094,0.21320316101182324
253,33.74821124265049,-0.0373801164108523,-0.0076689056542192,-0.07523122704491454,-0.077902858440733,-0.1026392961876832,0.20711101195257012
254,33.74039846329244,-0.1048634446025994,-0.007692586590023401,-0.07546353017275068,-0.0830745112859768,-0.12218963831867047,0.21761378257604969
255,33.75651211612956,0.0761705900485356,-0.007785673333936499,-0.0763766837832543,-0.0827190554908016,-0.08308895405669592,0.22825803909532297
256,33.751924106280754,-0.0153863351001716,-0.0079991117221104,-0.07847044915539755,-0.0791436312133908,-0.07331378299120228,0.22466299175193208
257,33.75930505561011,0.0322432396761906,-0.0084039169233833,-0.08244145459451015,-0.0825643315613829,-0.15151515151515138,0.21998128437501718
258,33.762646704678865,0.0274100297346133,-0.0088087221246562,-0.08641244652416841,-0.0874655414392683,-0.22971652003910048,0.23609548672543174
259,33.7701042465713,0.0759876499167842,-0.0090885872294203,-0.08915781326696026,-0.0876376948392365,-0.2101661779081132,0.26526842620126484
260,33.765349423419345,-0.0069325028634299,-0.0093519391183739,-0.09174118547580197,-0.0864975522081601,-0.1808406647116323,0.27915658884384376
261,33.770968611257,0.0320604025589762,-0.0093560407870042,-0.09178142108475089,-0.0740042949425084,-0.053763440860215006,0.2864743049050831
262,33.77977230416373,0.0765273304237585,-0.0089461138650595,-0.0877602063872203,-0.0701732649594164,-0.004887585532746819,0.2664402534015269
263,33.78687143469616,0.1085656350878983,-0.0085361869431148,-0.08373897694245769,-0.0643870787782151,0.03421309872922773,0.24783952278318894
264,33.787888150403035,0.0560179860220239,-0.0082133373305741,-0.08057193332333454,-0.0578777761482827,0.053763440860215006,0.23171870663893576
265,33.80079200153392,0.0600265456555028,-0.0079021826945701,-0.07751960544913328,-0.0534617820828034,0.1026392961876832,0.21711976369283353
266,33.80243143541501,0.0447448513709044,-0.0078616612516295,-0.07712210244160915,-0.0518173609647179,0.03421309872922773,0.19416511387238916
267,33.80174862907159,0.0283807172672606,-0.0082432348445129,-0.0808652180064086,-0.0494938307987429,-0.024437927663734094,0.19333761622916398
268,33.79260590649509,-0.0484987529639062,-0.0086248084373962,-0.0846083217973603,-0.0510124678201156,-0.06353861192570864,0.20254269706838632
269,33.796853904584424,-0.0125999316387926,-0.0090399424785533,-0.08868062786466356,-0.0531054070503266,-0.14173998044965774,0.21186913398712914
270,33.80905749984932,0.0709948463549439,-0.0094594899120654,-0.09279621209192138,-0.0445334231816875,-0.12218963831867047,0.23587301624035717
271,33.8133106340113,0.0741844434613077,-0.0099777979025702,-0.0978805732982666,-0.0492761208675465,-0.07331378299120228,0.24431374400828454
272,33.80131198616776,-0.0453311261127737,-0.0106588900291154,-0.10456173124924743,-0.0433198352134173,-0.04398826979472137,0.23993102878215608
273,33.80565231110911,-0.0130400526631392,-0.0113399821556607,-0.11124284069545715,-0.0392088844777108,-0.07331378299120228,0.23455376225174016
274,33.803174357371766,-0.0233797715615009,-0.0114110593804295,-0.11194006315670461,-0.0466295616393539,-0.03421309872922773,0.23899629929345093
275,33.80370140414727,0.0173489558913157,-0.0113938335024357,-0.11177108827888331,0.0153927051468455,-0.024437927663734094,0.24837270070934458
276,33.79836255126049,-0.0343252265022317,-0.0113048671410725,-0.11089838448272225,0.0098160598409405,0.004887585532746819,0.2508329854088574
277,33.79541742720106,-0.0665556992301331,-0.0111004496493073,-0.1088931747250434,0.0381352677506122,0.053763440860215006,0.2532012120122329
278,33.79904371371334,-0.0237891306933313,-0.0108960321575421,-0.10688796041709869,0.0561394454999383,0.03421309872922773,0.24900170007990813
279,33.79591944500363,0.0124839508715066,-0.0106113681070385,-0.1040955675579077,0.0873340532250662,0.014662756598240456,0.25988337949741885
280,33.776617040497484,-0.134799839902024,-0.0103168715424576,-0.1012067144385612,0.0951893314988777,0.06353861192570864,0.27451711742733803
281,33.77579683319947,-0.086750666812118,-0.0102237855626796,-0.10029358913745329,0.1025740030774639,0.11241446725317683,0.2739814063316267
282,33.77320655943933,-0.0557181510784131,-0.0104451256111904,-0.1024648190590187,0.1307612248883328,0.20039100684261957,0.2706792633970944
283,33.78008826254929,0.0438272512286807,-0.0106664656597012,-0.10463604396068747,0.1359597133523673,0.2590420332355814,0.2513851532118815
284,33.77624659794051,0.0065437709034516,-0.0111797063355356,-0.10967063457234132,0.1264159821141932,0.20039100684261957,0.2240516558064747
285,33.77906202938633,0.027995915420225,-0.0117297252367486,-0.11506596594377502,0.1185059851842148,0.11241446725317683,0.2194540576699277
286,33.78007614894729,0.035959384793837,-0.0119516820410591,-0.11724320955343465,0.1231737125799356,0.053763440860215006,0.23637474267603492
287,33.76807166266953,-0.0745815776753662,-0.0116551104555127,-0.11433404497429298,0.1176424187756054,0.2101661779081132,0.2552157886453733
288,33.769163868244924,0.0049698584158744,-0.0113585388699663,-0.11142487033893414,0.1284875959564825,0.1808406647116323,0.22919410277629074
289,33.753601850858004,-0.1522511517899462,-0.0116674851116516,-0.11445543209708063,0.1287524813917412,0.15151515151515138,0.22047257037705653
290,33.77296794840074,0.0480864022910407,-0.0120549409008532,-0.11825610599438448,0.1217970677226232,0.21994134897360684,0.2222456072581714
291,33.774068229860205,0.0589556308446099,-0.012389129455854,-0.12153425084684981,0.1071927249935339,0.14173998044965774,0.200366023428483
292,33.76083146527805,-0.0619741257464283,-0.0126350115401731,-0.12394616528072457,0.1160498028559332,0.07331378299120228,0.20575868642603218
293,33.77068297898745,0.0243956737349134,-0.0128808936244923,-0.12635807222106316,0.1124054744292317,0.004887585532746819,0.22348097863082061
294,33.77586128692086,0.0460238109505217,-0.0132980648302824,-0.13045017113636828,0.1081242673645758,0.004887585532746819,0.24634667450860603
295,33.79190656490944,0.1621282833954911,-0.0137410858534201,-0.1347958101619617,0.0891084221569065,0.08308895405669592,0.25546819264240433
296,33.76951663011313,-0.0900006738344406,-0.013978790071528099,-0.1371274645652502,0.0859639611218738,0.15151515151515138,0.24319674575554018
297,33.78018739671098,-0.0077917154698634,-0.0138862457381414,-0.1362196927682636,0.0828571917700808,0.15151515151515138,0.22186193952735184
298,33.77257299707333,-0.0486914549041955,-0.013793701404754699,-0.1353119198046297,0.0829092690859815,0.14173998044965774,0.21121749902234957
299,33.76626438207074,-0.0553330578062355,-0.013964491682475998,-0.1369872110589793,0.0612882521650034,0.053763440860215006,0.20149297618014808
300,33.768576679168724,-0.01527921859842,-0.014172773230818602,-0.1390302508420772,0.0382084590826417,0.09286412512218956,0.20852498617605558
301,33.76686794890179,-0.0029565077951926,-0.014331693122856698,-0.14058909664675584,0.0239059583295113,0.08308895405669592,0.19748544478951816
302,33.762584025283346,-0.0636954582903679,-0.014412998915208001,-0.1413866240920511,0.0212720099760633,0.04398826979472137,0.1894874352007648
303,33.76239394582496,0.0042384724428043,-0.014494304707559202,-0.14218415060269043,0.0180085560437409,-0.09286412512218956,0.19235683533621575
304,33.7476765193638,-0.0792135560220897,-0.014690396280741402,-0.1441076041274385,0.0189692617689171,-0.15151515151515138,0.22500900752397437
305,33.738528756057846,-0.1116384533826057,-0.014901257905460801,-0.14617593024609432,0.0053957246465769,-0.08308895405669592,0.2544051929506061
306,33.74457397393266,-0.009841673365113,-0.014910885192572998,-0.14627036344059177,-0.0081240931553981,-0.03421309872922773,0.2526544518050977
307,33.74724684968216,0.0396592311610496,-0.014602760984732099,-0.1432479940848515,-0.0181851074352933,0.09286412512218956,0.24154507664144273
308,33.73583734809665,-0.071760204396139,-0.014294636776891202,-0.14022561112907123,-0.0253128466825584,0.07331378299120228,0.20754662061176476
309,33.74440496657386,-0.0186860497049712,-0.0141723549327893,-0.13902614775052097,-0.022235299008404,0.04398826979472137,0.1940920097199041
310,33.750985092195094,0.06623398521783,-0.014073723470914398,-0.1380586696046497,-0.0236898825315236,0.04398826979472137,0.1924811446605694
311,33.74498815280093,0.0353393863732422,-0.0139944339530321,-0.13728091603208353,-0.0132482729454253,0.15151515151515138,0.18971735822046884
312,33.72126773423374,-0.139063649079145,-0.013946602092372501,-0.13681173126943713,-0.016685852737773,0.1026392961876832,0.15769370956842518
313,33.72472205598596,-0.0519283643851266,-0.0138987702317129,-0.13634254619378094,-0.0249645041812109,0.12218963831867047,0.14481701602289082
314,33.72416796694603,-0.0023894427452915,-0.0139572111895091,-0.13691579638309143,-0.0174712824869633,0.11241446725317683,0.13129046464616403
315,33.722256735160485,0.0240039812705115,-0.014029444722178198,-0.13762433796185428,-0.0183082871314073,0.06353861192570864,0.11884838145634745
316,33.71182399424095,-0.0813608435860604,-0.014067159022234101,-0.13799427873758746,-0.0060742907241976,0.17106549364613866,0.12103841295799672
317,33.72228690130799,0.0135536148927387,-0.014048530482021402,-0.1378115508152104,-0.0063229273230461,0.14173998044965774,0.09123426940167863
318,33.729664552462886,0.0852952462695063,-0.0140299019418087,-0.13762882284500963,-0.0039444282320254,0.08308895405669592,0.07545569580741379
319,33.72630826489157,0.0452341787069349,-0.013904260051834302,-0.136396396125446,-0.0023752907578858,0.07331378299120228,0.07714084724632161
320,33.732137122168176,0.045829592705278,-0.0137647517803245,-0.1350279509492817,-0.0016982859422948,0.14173998044965774,0.07431551801304229
321,33.736899108433576,0.0450678469702942,-0.013600485470322601,-0.13341664929089786,-0.0001782966057201,0.15151515151515138,0.05117697407589493
322,33.744472628457764,0.0858149781140977,-0.013397977940758702,-0.13143023143473873,0.0035091063351363,0.14173998044965774,0.03196587745373524
323,33.73767780047216,0.0038711785062691,-0.0131954704111947,-0.12944380818871687,0.0207852501940412,0.08308895405669592,0.023389039436832407
324,33.734525431184885,-0.0274715954285377,-0.0131868323226712,-0.12935907591281842,0.0242131702104803,0.12218963831867047,0.0277503911333389
325,33.745082310324364,0.0309229920909024,-0.0132047560494376,-0.12953489236391375,0.0246991126856862,0.20039100684261957,0.01580822939601757
326,33.740405278332,0.0082233450555415,-0.0131350725215508,-0.1288513562382898,0.0272783723564238,0.20039100684261957,-0.014287954824456777
327,33.74643875972763,0.0068965211858408,-0.0129293922479173,-0.12683380409922748,0.0272080638037111,0.20039100684261957,-0.03562420471205304
328,33.742960823329724,-0.0173187157991846,-0.0127237119742838,-0.12481624659454038,0.0274420088370041,0.2590420332355814,-0.05288961067118076
329,33.74204924548712,-0.0241690506306977,-0.012640682785066899,-0.12400179575032173,0.02892898747839,0.37634408602150504,-0.08400581094085914
330,33.73477402908329,-0.0430799352995246,-0.012573182134199,-0.12333966698655152,0.0301455762815463,0.3176930596285432,-0.13813949233124154
331,33.72958494885011,-0.0545986579117932,-0.0125165613065332,-0.12278426037331656,0.0315748171556507,0.2590420332355814,-0.16437244821769403
332,33.72186275010901,-0.0866004749346755,-0.0124772728031066,-0.12239887025043827,0.034435073015755,0.12218963831867047,-0.1749142879945868
333,33.7276419853662,-0.0038926622445987,-0.0124379842996799,-0.12201347993862574,0.0351856261582555,0.08308895405669592,-0.16081497262677935
334,33.728223956789925,0.0197575424275275,-0.0122436919474916,-0.1201076171037817,0.0378239868466625,0.11241446725317683,-0.1521215687176797
335,33.72126681085592,0.0107401628039829,-0.0120288176821308,-0.11799985579886536,0.0290103140999072,0.1026392961876832,-0.163665579054576
336,33.720935216591506,0.0100240404400063,-0.0119231270912136,-0.1169631054542899,0.0308141470086323,0.16129032258064502,-0.17122525226313354
337,33.71479139966912,-0.02240398014006,-0.0119947240264326,-0.11766542116448854,0.0319156918571226,0.12218963831867047,-0.19172105450416715
338,33.7215486784781,0.0443218353710538,-0.0120663209616515,-0.11836773627151902,0.0296308386577547,0.014662756598240456,-0.1987992089812256
339,33.703938810701274,-0.0856664269375592,-0.0118957461008829,-0.11669451698785946,0.0187896598589542,-0.024437927663734094,-0.18270590979396467
340,33.69877086087135,-0.0832409045182687,-0.0116954024819101,-0.11472928281394082,0.021184586621862,-0.09286412512218956,-0.1671269393450254
341,33.69221031455545,-0.092233688428823,-0.0115947234782737,-0.11374168875504531,0.0052760525086879,-0.08308895405669592,-0.14765614600258892
342,33.69330012204549,-0.0338164723878226,-0.011652490553111,-0.11430834547696912,-0.0036949582361795,-0.1026392961876832,-0.13959526808030862
343,33.6868436629027,-0.028222914355586,-0.0117102576279483,-0.11487500181744201,0.0100123571672996,-0.08308895405669592,-0.12460106301086525
344,33.67441377162331,-0.1039594962525918,-0.0118143081394464,-0.1158956667255498,-0.0012597437045274,-0.053763440860215006,-0.11903227303272132
345,33.675432455241825,-0.0578290938754041,-0.0119244889113097,-0.11697646395973894,-0.0018445182669584,-0.004887585532746819,-0.1197212311143103
346,33.663159243292434,-0.1018187361152009,-0.0119399348752032,-0.11712797807877835,-0.0129645585653402,-0.024437927663734094,-0.13063359084766268
347,33.66442025719179,-0.0590611628410605,-0.0118075788550595,-0.11582965705010366,-0.0097366720744667,-0.03421309872922773,-0.12910873929260175
348,33.657472090304594,-0.0563045699601806,-0.0116752228349159,-0.11453133399231258,-0.0053895630113292,-0.024437927663734094,-0.12301377582558766
349,33.661188828509644,0.0285970671216942,-0.0115304850643301,-0.1131115520394051,-0.0250057936290271,-0.03421309872922773,-0.1264956606143127
350,33.64546435480594,-0.042882731016776,-0.0113841590586495,-0.11167618814038596,-0.0227057249137167,0.09286412512218956,-0.1251879834730966
351,33.63367462361242,-0.0970303440853292,-0.0112295694033952,-0.11015976056299252,-0.0324977545833213,0.09286412512218956,-0.1565196177352502
352,33.62194100626189,-0.1529621754595692,-0.0110616809331399,-0.10851287696904187,-0.0618703059220216,0.06353861192570864,-0.1834180335663809
353,33.625368433476666,-0.0422942193745363,-0.0108937924628846,-0.10686599031648884,-0.0666778567728156,-0.014662756598240456,-0.19451487500409692
354,33.618905439168465,-0.0381797705014765,-0.0107354489499231,-0.10531273129188345,-0.0611337182586166,-0.004887585532746819,-0.1859706571663961
355,33.60560984131257,-0.0959029596288698,-0.0105784208048163,-0.10377237266357348,-0.0681909755395687,-0.014662756598240456,-0.19025268911925172
356,33.60104910942432,-0.0924731389000312,-0.0105054240445152,-0.10305631423556973,-0.0750299132751811,0.03421309872922773,-0.19676457835646427
357,33.59736229403177,-0.049049614664907,-0.0105717626103925,-0.10370705942851959,-0.1041167124518003,0.04398826979472137,-0.22151263604766377
358,33.588482069919344,-0.0599316512793925,-0.0106381011762697,-0.10435780416507387,-0.1147434386535886,0.03421309872922773,-0.24441489699316546
359,33.579464202287774,-0.0987758291803946,-0.0108178382837806,-0.10612092372438846,-0.1158263362235324,0.03421309872922773,-0.25926583820723936
360,33.5840168383733,-0.0180253221543126,-0.0110136443739178,-0.10804166702832833,-0.1075884445344213,-0.014662756598240456,-0.2718155214184863
361,33.58054044338455,-0.0428694621504378,-0.0112542407266648,-0.11040177095076745,-0.1120093431801883,-0.024437927663734094,-0.2748009679683566
362,33.580809472973854,0.0044432104844907,-0.0115672067272021,-0.11347176752880211,-0.1141953986206422,-0.08308895405669592,-0.28034294794116166
363,33.5749595635866,-0.0518665497069051,-0.0118801727277394,-0.11654175299253622,-0.1133561326787917,-0.12218963831867047,-0.2745198211637007
364,33.56031477527279,-0.1265070709438636,-0.0119808485173398,-0.11752931220078167,-0.0904137207533534,-0.04398826979472137,-0.2593791242548113
365,33.55902592349546,-0.0630448934169491,-0.012050258590619,-0.11821017586721261,-0.079577682544399,-0.1026392961876832,-0.26921565833657546
366,33.553950455826225,-0.0266883799567123,-0.0121467673631234,-0.11915685763608118,-0.0783000147957115,-0.03421309872922773,-0.26184221813595876
367,33.53759187062301,-0.1080041366059374,-0.0122886872343842,-0.12054898766190289,-0.0561812371284258,-0.08308895405669592,-0.2674384647967173
368,33.53007573961915,-0.1031675886833879,-0.0124306071056449,-0.12194111525971635,-0.0585030909877013,-0.06353861192570864,-0.26082350353026645
369,33.522814451126294,-0.0998410615534905,-0.0124810961635738,-0.12243637449616303,-0.0622487398616616,-0.07331378299120228,-0.2615351849687501
370,33.5183925062522,-0.0584002630585407,-0.0125178817792454,-0.12279721319582748,-0.0531685075304421,-0.09286412512218956,-0.2580778776636031
371,33.511523867295,-0.0577844784412607,-0.0125500692113821,-0.12311294710246745,-0.0427008875910005,-0.14173998044965774,-0.24779966691645744
372,33.50369097909184,-0.0699708531226374,-0.0125751445467507,-0.12335891673179883,-0.0447974120614708,-0.1026392961876832,-0.2298717931062123
373,33.49063532474062,-0.1164261019293324,-0.0126002198821193,-0.12360488628356554,-0.0254614872316659,-0.1319648093841641,-0.22248130351455778
374,33.48659034199103,-0.1112596159602121,-0.0123610165289854,-0.12125848415141652,-0.0143818591306183,-0.15151515151515138,-0.20603301067485918
375,33.48030988235254,-0.0674782219881879,-0.0120836949719151,-0.11853816288685193,0.0304320157624932,-0.024437927663734094,-0.17655710264090366
376,33.466708092884744,-0.1232241175806759,-0.0120401582849663,-0.11811109905657548,0.0404726215257241,0.004887585532746819,-0.18327394398820307
377,33.46260043914216,-0.0712990619717362,-0.0123617740608118,-0.12126591497086756,0.0589119516417778,0.014662756598240456,-0.18562028613339454
378,33.45120652170749,-0.0721904222940344,-0.0126833898366572,-0.12442071834181179,0.0661910140682304,0.03421309872922773,-0.18139887551640202
379,33.43566672900457,-0.1141752158151732,-0.012781698036664,-0.12538504361112432,0.0603757131595788,0.004887585532746819,-0.1825168291428648
380,33.42548812070797,-0.1266909428063568,-0.0128528877210778,-0.12608335705063733,0.0643066448061139,0.024437927663734094,-0.17319688712892067
381,33.42244494766193,-0.0694031677287033,-0.0128898438012025,-0.12644586616575165,0.0825004139365227,-0.07331378299120228,-0.16582068029104413
382,33.41466271611417,-0.0636283248741137,-0.012869949442744302,-0.12625071869707513,0.0998739676055836,-0.08308895405669592,-0.1322260160663886
383,33.41719104862254,-0.0315435499489741,-0.0128500550842861,-0.1260555711784304,0.121521485299434,-0.1026392961876832,-0.10120131131777688
384,33.41502217296987,-0.0211515230066971,-0.013070063894235802,-0.1282136763459368,0.1395365421448133,-0.16129032258064502,-0.06998403832563793
385,33.41339357210522,-0.0044930036321116,-0.013323604488648,-0.130700692989769,0.144244941322949,-0.20039100684261957,-0.02844250735843526
386,33.396760346282186,-0.1042691869113318,-0.0134884106722594,-0.13231729636946835,0.1519809651251635,-0.14173998044965774,0.016803551938726045
387,33.38583424472707,-0.1316094791789646,-0.0135078613092594,-0.13250808973587103,0.150467928472065,-0.1026392961876832,0.039963391405759795
388,33.38912431038698,-0.0371561139047817,-0.013527311946259299,-0.13269888305214128,0.1501167828421126,-0.07331378299120228,0.05644814412264455
389,33.3798016768456,-0.0117190386108273,-0.013593963322762598,-0.13335267293790837,0.1452394275907781,0.08308895405669592,0.07135571087698067
390,33.37281795082256,-0.0355607248966311,-0.0136666232648084,-0.13406540075706375,0.1443632862247365,0.15151515151515138,0.053336791331271054
391,33.35988470682923,-0.1096064623123321,-0.0136966468281987,-0.13435990434811945,0.1422090302693621,0.20039100684261957,0.034047974265989475
392,33.35748627797983,-0.0750012268614593,-0.0136575999880278,-0.13397689067283824,0.1322269710370026,0.23949169110459412,0.015132982786999271
393,33.35232925280244,-0.0481710738645073,-0.013618553147857001,-0.13359387679328938,0.1331965120470504,0.3079178885630496,-0.004030626932199568
394,33.33380424535183,-0.11229728204865,-0.0136996311645958,-0.1343891779415262,0.1134700917681316,0.37634408602150504,-0.03801402892275063
395,33.335554395089204,-0.0361149247466631,-0.0137990715264495,-0.13536459568488712,0.1042474747096698,0.3176930596285432,-0.08092191045541725
396,33.32980887165768,-0.0152983341675248,-0.0139008549681441,-0.1363629954825617,0.1044180612563228,0.2883675464320623,-0.09801212842461059
397,33.32610172095287,-9.930804919842278e-05,-0.014006536602135498,-0.1373996313839258,0.0636417147745869,0.2101661779081132,-0.11899318443106477
398,33.317473127958074,-0.0697048927939074,-0.014112218236126801,-0.13843626575072637,0.0416717161066093,0.053763440860215006,-0.12846467025578573
399,33.32007573801351,-0.0368127705121288,-0.013886897936992201,-0.13622609022210785,0.0098516911835535,-0.024437927663734094,-0.11218483749935776
400,33.31892577483593,0.0020009466538676,-0.013616625205921199,-0.1335749654364837,0.0141228135822527,-0.1026392961876832,-0.09001478592112637
401,33.30794230844196,-0.0445446689650826,-0.0133202589933179,-0.1306678765928225,-0.0219353433516794,-0.17106549364613866,-0.07158901257284321
402,33.30091435317319,-0.0836984677610381,-0.0129816784430735,-0.12734668862785928,-0.0357312504728066,-0.17106549364613866,-0.048064496813338485
403,33.308707223341564,0.015617483393704,-0.0126430978928292,-0.12402548606428174,-0.1062272386010109,-0.1319648093841641,-0.04869569623515232
404,33.307651685588304,0.0214466819784857,-0.0124124137598266,-0.12176265230600093,-0.0984355458590597,-0.08308895405669592,-0.05352493404928002
405,33.29593161228487,-0.0689543380555332,-0.0121956141664365,-0.11963600928408855,-0.0942046713145975,-0.004887585532746819,-0.06263546959681827
406,33.297698459193725,-0.0385137040130451,-0.01203339098088,-0.11804471661265445,-0.1040779760156135,0.024437927663734094,-0.08742729622454931
407,33.30874958943021,0.0566086470951137,-0.011961446894678,-0.11733899592024542,-0.1030422195354274,-0.03421309872922773,-0.10886041407910248
408,33.30460321628768,0.0064920949511465,-0.011889502808476,-0.1166332746204954,-0.1009923436671802,-0.07331378299120228,-0.10841816755776967
409,33.29847328542071,-0.0498413486112711,-0.0118651048433604,-0.11639394746469199,-0.0961964178481683,-0.053763440860215006,-0.10125596459212212
410,33.3053492825145,0.0077562608828448,-0.0118472377775601,-0.11621868386821145,-0.0957224862666388,-0.03421309872922773,-0.10583419909649522
411,33.31135717527199,0.0543234364995577,-0.0118193668059011,-0.11594528877871538,-0.0964941705797334,-0.03421309872922773,-0.11595908379572668
412,33.30662670841265,-0.0004232554673262,-0.011775654967316,-0.11551650548326055,-0.0851678062177738,-0.024437927663734094,-0.12052327820671936
413,33.30974114787482,0.0126136793113209,-0.0117319431287308,-0.1150877219670845,-0.084884727394179,-0.1026392961876832,-0.12731553796692963
414,33.3185408545469,0.0614852981395997,-0.0116313276118595,-0.11410075109214385,-0.0843795176107629,-0.09286412512218956,-0.11481630687841239
415,33.32415465468871,0.0708050807471276,-0.011522544796136,-0.11303366318288564,-0.0582052013531369,-0.09286412512218956,-0.10485028723393398
416,33.33541365158138,0.1240495931449026,-0.0113132559105412,-0.11098067304878667,-0.058443059899062,-0.1026392961876832,-0.10057280192995957
417,33.33746336846467,0.0540460919336999,-0.0109446064599183,-0.10736444591069923,-0.0598411244650015,-0.07331378299120228,-0.09511604213768873
418,33.346164317597946,0.0767651538870755,-0.0105759570092955,-0.10374820418152518,-0.0553129072018991,-0.08308895405669592,-0.0963931839368218
419,33.3408588380851,0.0042196574315491,-0.0101587708626935,-0.0996558280517546,-0.0416992980222078,-0.004887585532746819,-0.0902472682230258
420,33.34438022396335,0.0093831472782399,-0.0097359667808753,-0.0955083252464777,-0.0286324157794619,-0.04398826979472137,-0.10063124294663335
421,33.357085987602815,0.0709189596161291,-0.0095512169339294,-0.09369601352524716,-0.0142510179527105,-0.024437927663734094,-0.09351518987873693
422,33.36914666841211,0.1059900124567058,-0.0097383000665608,-0.0955312136939625,-0.0017641242807846,-0.024437927663734094,-0.08941626887092624
423,33.378431172862726,0.115967879968861,-0.0099253831991922,-0.09736641051907598,0.0092982776432963,-0.053763440860215006,-0.08484615003533397
424,33.3901902789502,0.114583437300065,-0.010103146771231,-0.09911018371724042,0.0071730847356185,-0.08308895405669592,-0.07430374469276428
425,33.397904482555134,0.0894210519723273,-0.0102793739839828,-0.10083888289531952,0.0026613703311048,-0.07331378299120228,-0.060763535850218306
426,33.409239250062534,0.1080745005476413,-0.010445693771621,-0.1024703924087845,-0.0017544409365007,-0.004887585532746819,-0.05430758980007395
427,33.42537785122815,0.1583285141393146,-0.0105965861676362,-0.1039505648851187,0.0286665367102938,0.014662756598240456,-0.05710104085268
428,33.43305692283742,0.1014450379905675,-0.0107474785636513,-0.10543073499465191,0.0352383405468299,0.06353861192570864,-0.058900711545651144
429,33.43831735953618,0.0749654445976545,-0.0106314175856291,-0.10429224184855136,0.0356763166230676,0.07331378299120228,-0.0692529824591959
430,33.44415742057746,0.0499574309112008,-0.0104798862644933,-0.1028058024043461,0.0809655542411822,0.053763440860215006,-0.06601201548404095
431,33.460845016264194,0.1324360239879583,-0.0104168705938085,-0.1021876524178533,0.0801019843925857,0.04398826979472137,-0.05884239393941546
432,33.46213181069302,0.0641842644333326,-0.0104936764479393,-0.10294107666537948,0.0794320899519999,0.053763440860215006,-0.05301466371198398
433,33.474321658091185,0.0925517487397321,-0.01057048230207,-0.10369450030564092,0.0784506151787548,0.024437927663734094,-0.05159081032811079
434,33.47792280352832,0.0477413290905726,-0.0108230188437485,-0.10617174204258148,0.0778426698049933,0.004887585532746819,-0.04274254371261186
435,33.488908453148134,0.0915953115994946,-0.0110987912979128,-0.10887690730000098,0.0778342772935838,-0.03421309872922773,-0.031150886595943988
436,33.49932831870854,0.0988849371001731,-0.0114587625847278,-0.11240800099604142,0.0676376194871804,-0.004887585532746819,-0.015825719687774447
437,33.508851393153435,0.0894199923580357,-0.0119551743415251,-0.1172774665734627,0.0664968493884331,-0.04398826979472137,-0.01148157502143359
438,33.51883595065873,0.1022935881816316,-0.0124515860983225,-0.12214690325082898,0.0668759547629203,-0.06353861192570864,0.003596264548061048
439,33.525831117712364,0.0880488184846534,-0.0127569646792009,-0.12514242915561133,0.0535441400710007,-0.024437927663734094,0.018279999494812068
440,33.528719025474274,0.0496624171841313,-0.013037301176338799,-0.127892301466245,0.0404744568240404,0.024437927663734094,0.017692627711591354
441,33.53826119946606,0.0503281754248821,-0.013217610435522801,-0.12966098288698083,0.0387918750008625,0.09286412512218956,0.009183694891938902
442,33.54816476985682,0.0839542078517877,-0.0132322625316136,-0.12980470738008318,0.0288012810230408,0.11241446725317683,-0.011037371070911572
443,33.55973112126116,0.1126127647559088,-0.013246914627704401,-0.12994843184531857,0.0089714424339219,0.06353861192570864,-0.031129749161214835
444,33.57383943316943,0.154823831380457,-0.013291335462093098,-0.13038416186839877,0.0096956834068647,0.053763440860215006,-0.0315579779166065
445,33.57431454442197,0.0428737251101686,-0.0133396644111805,-0.13085822682933457,0.0116695591002791,-0.024437927663734094,-0.03147019634891336
446,33.58593581662088,0.0897685980479567,-0.013316069562263699,-0.13062678191900326,0.0113174596479746,-0.06353861192570864,-0.016217361931346836
447,33.58774725548085,0.0566422757729135,-0.0131796792602856,-0.12928891046857252,0.0013219235832362,-0.09286412512218956,-0.0014723660756476543
448,33.58831427553731,-0.0052750882659506,-0.0130432889583075,-0.12795103661306884,0.0022289954489407,-0.1808406647116323,0.013872545914749219
449,33.60101641362679,0.0748309625160412,-0.0130903528060138,-0.1284126935441514,0.0037076056465292,-0.20039100684261957,0.04663233122861962
450,33.61127387238126,0.090215007051058,-0.013163165437487299,-0.12912692391916777,0.0018973108116151,-0.1808406647116323,0.07412137264879815
451,33.61583492178059,0.0655617716604734,-0.013249555071229099,-0.12997433232315903,-0.0003472670649162,-0.14173998044965774,0.090016056279094
452,33.61915295115504,0.0123359951690956,-0.0133576570570288,-0.13103471895965751,-0.0012919387537826,-0.09286412512218956,0.0972192891432636
453,33.63041289670496,0.0620054243881454,-0.0134657590428284,-0.13209510406487812,-0.0015666295441754,-0.03421309872922773,0.0972472572869342
454,33.64476853853543,0.1414030293897952,-0.0135176660207165,-0.13260426517403012,0.0022094086614023,-0.053763440860215006,0.09049228075914202
455,33.64884052780588,0.0838310820697621,-0.013562114760146201,-0.13304026733890634,-0.0048706079957224,-0.004887585532746819,0.09424397588894842
456,33.652160503721035,0.0362176280825948,-0.0137165917600851,-0.13455554575076975,-0.0146053787591122,-0.004887585532746819,0.08561041491152475
457,33.66588888606663,0.0847738000985965,-0.014050568572704102,-0.1378315425115665,-0.0250887723294876,-0.07331378299120228,0.0789952911620419
458,33.67545730607254,0.1334952978378316,-0.014384545385322998,-0.14110752389856165,-0.0452079799191894,0.014662756598240456,0.08810984417137632
459,33.679463743468844,0.0926125073386634,-0.0143256890328376,-0.14053020256999812,-0.0430360310849144,-0.014662756598240456,0.07271598397887095
460,33.6906001961329,0.0869790471365419,-0.014217045337608501,-0.13946451645470473,-0.0424648618588597,-0.09286412512218956,0.06963345904678521
461,33.70251626796568,0.087078262156791,-0.0141401673481612,-0.13871041918393442,-0.0507982708304684,-0.07331378299120228,0.08534581890078405
462,33.71701703046366,0.1526666894727741,-0.014115098610254099,-0.13846451940668308,-0.0472122176913123,-0.07331378299120228,0.08939204825020705
463,33.71912314252747,0.0705298443145202,-0.0140900298723469,-0.1382186195424139,-0.0435438137298536,-0.12218963831867047,0.09204385122230199
464,33.72887786313763,0.0755807694084071,-0.013874127399382702,-0.13610082331663,-0.0421896018416941,-0.06353861192570864,0.1073709498245761
465,33.740262828229966,0.0912491761783128,-0.0136341231482927,-0.13374660431746377,-0.0425853701817165,-0.053763440860215006,0.10374382270931981
466,33.753835016537906,0.1123522395462358,-0.0134603419197288,-0.13204196690328918,-0.0420477132456797,-0.15151515151515138,0.10047418834354231
467,33.75295323200126,0.037760520421767,-0.013396018222957799,-0.1314110083283182,-0.0404136333497745,-0.1026392961876832,0.12520753416943828
468,33.763491239736844,0.0655274790606046,-0.013331694526186898,-0.13078004920963018,-0.038907980344414,-0.1319648093841641,0.13012154392322053
469,33.76878330674438,0.0701683533243727,-0.013000066344055,-0.12752705871553757,-0.0368357648042786,-0.024437927663734094,0.1415823051387369
470,33.77675613004286,0.0965317535579541,-0.0126337615453987,-0.12393390381068807,-0.03600346181149,0.024437927663734094,0.1269392011676769
471,33.789100740245935,0.1105633559991106,-0.0123932535654903,-0.12157470525646524,-0.03328196092791,0.15151515151515138,0.10895848130491537
472,33.798372312662195,0.1020233590041808,-0.0123576163871289,-0.12122513130733496,-0.0294913779930661,0.1808406647116323,0.07090494455841413
473,33.80958968946656,0.1115870300877957,-0.0123219792087674,-0.12087555720424677,-0.028817401321821,0.17106549364613866,0.03933642779990691
474,33.813533290704505,0.0778997254350833,-0.0122957496564097,-0.12061826478780382,-0.0283554861385084,0.16129032258064502,0.019329464632935188
475,33.819719572973554,0.0540079098759618,-0.0122708731425886,-0.12037424459723382,-0.0296038540152588,-0.004887585532746819,0.001993418597333085
476,33.82925167884468,0.0963216626079571,-0.0122777363750604,-0.12044156783605264,-0.0195188384531238,-0.17106549364613866,0.026011549036223595
477,33.83238141188646,0.0474406866354368,-0.012335272502908199,-0.12100595450926922,-0.0197382777298851,-0.1808406647116323,0.07405230815745341
478,33.843942392223134,0.0933894719033691,-0.012392808630756,-0.12157034078190695,-0.0199192750038202,-0.1319648093841641,0.10030261865497735
479,33.84258011015269,0.0082015787465978,-0.0122817849301686,-0.12048128116723925,-0.0206948067835768,-0.04398826979472137,0.10488761315676277
480,33.85029878121072,0.0440365519715217,-0.0121461570841883,-0.11915087124136099,-0.0121378266050287,-0.024437927663734094,0.09416355652270207
481,33.855119476230165,0.0472891717455588,-0.0119634521809615,-0.1173586663711799,-0.015618463599247,-0.08308895405669592,0.08756586724459417
482,33.85874271462992,0.0468079109334575,-0.011701262201348797,-0.11478676272831881,-0.0060129803556466,-0.09286412512218956,0.10374524708945505
483,33.86200438078049,0.0203619602955488,-0.0114390722217361,-0.11221485119460417,0.0051437429541161,-0.07331378299120228,0.12013595790910982
484,33.873612221979755,0.0820896473671709,-0.0115756966793171,-0.11355504838314842,0.0023626004214108,-0.07331378299120228,0.12564191583001535
485,33.871124799663605,0.01718619396419,-0.0117639545975523,-0.11540173280597038,0.0093956029486341,-0.004887585532746819,0.133727972095689
486,33.87854017835433,0.0408170302489583,-0.0117691245229985,-0.11545244626371905,0.0169673637986003,0.014662756598240456,0.1276448861643611
487,33.88062776453263,0.0346921118156724,-0.0114790907230269,-0.11260740691747692,0.0261482333368772,0.04398826979472137,0.12409568358980994
488,33.8826961889832,0.0176480281861646,-0.0111890569230553,-0.10976235809874427,0.0275017424826186,0.12218963831867047,0.117925424235981
489,33.88730727805787,0.0545160653764482,-0.0112781986527155,-0.11063678328974183,0.0607760331687274,0.2101661779081132,0.10392190245332418
490,33.8876015327411,0.0269938590255656,-0.0114199707525357,-0.11202747802106724,0.0688810284277867,0.1319648093841641,0.07607049308497155
491,33.89069800457443,0.0148024257868563,-0.0111828730261315,-0.10970169786520023,0.074676776983438,0.053763440860215006,0.07803608862069188
492,33.89670158850782,0.0474634069295889,-0.0103534862016955,-0.10156588506224046,0.0844518602768377,0.1319648093841641,0.09804943392563649
493,33.897394901403715,0.0269931223437754,-0.0095240993772595,-0.09343000239388927,0.0877523540317251,0.17106549364613866,0.08765501611950532
494,33.905265532361874,0.0591645539341784,-0.0100728788381733,-0.09881327040273383,0.0900643386370915,0.2883675464320623,0.07036115890460198
495,33.91353079423087,0.0673849120059684,-0.0107968354998009,-0.10591489844586185,0.0852043713149432,0.2590420332355814,0.03074803345574361
496,33.92219093696359,0.1243260044991894,-0.0115763606702521,-0.11356156169778985,0.0728003304555543,0.16129032258064502,0.008052125183880158
497,33.92658962408351,0.0945326836165777,-0.0124460051492943,-0.12209215838311122,0.0465097465669095,0.15151515151515138,0.007618385617185886
498,33.918141489016584,-0.0054209016498365,-0.0133156496283365,-0.13062266273239526,0.0397340907227954,0.1026392961876832,0.0006536504179996355
499,33.91733417631845,-0.0308711007039729,-0.0131366844849936,-0.12886716823537522,0.0494961410355025,0.16129032258064502,0.003824891810419576
500,33.93087764523993,0.0643061192392677,-0.012828992854068702,-0.12584896773080925,0.0476874448442654,0.14173998044965774,-0.013012867571245344
501,33.94455865618223,0.1460250427916548,-0.012840148275999002,-0.12595839340668832,0.0706198934313091,0.20039100684261957,-0.017296685288082352
502,33.943175510752006,0.0421377230323101,-0.0133565790494858,-0.13102414464902595,0.0720989089462167,0.07331378299120228,-0.035992732714350696
503,33.94701918350728,0.0095280906450583,-0.0138730098229726,-0.13608986094712752,0.0466897070773686,-0.014662756598240456,-0.027248397760746113
504,33.95317927726039,0.048113276492518,-0.014268488795310699,-0.1399691255887816,0.0512731649804395,0.03421309872922773,-0.0021228807938650134
505,33.9610296956288,0.109682931085439,-0.0146468198767689,-0.14368016559418584,0.0477854952700488,0.024437927663734094,-0.003295581828055645
506,33.950470416245075,-0.021541082067247,-0.0148794298250675,-0.1459618205160886,0.0471064177810892,0.024437927663734094,-0.002512354355458824
507,33.95885748644571,0.0121438038618543,-0.0148832265178259,-0.14599906194803725,0.0484758225316363,0.09286412512218956,0.0005679835654653883
508,33.97663034623317,0.1017904942597282,-0.0148870232105842,-0.14603630337788037,0.0496121481364485,0.12218963831867047,-0.013239797484547067
509,33.98388910363395,0.1774295985277767,-0.0148457730697996,-0.14563168421332898,0.0363373511970872,0.11241446725317683,-0.03144063344423807
510,33.97374240898173,-0.0144006808066931,-0.014798939846765998,-0.1451723007638203,0.014197151365028,0.09286412512218956,-0.04527601555510491
511,33.97779619769598,-0.0253039475004308,-0.0146860167709497,-0.14406464577078973,0.0246329611746695,-0.004887585532746819,-0.0484964448989156
512,33.9855683580973,0.0321718734698383,-0.0144682694293372,-0.14192877130317938,0.0289059081268456,-0.014662756598240456,-0.029040328099893063
513,33.98270051281045,0.0144797024578165,-0.0142505220877247,-0.1397928901061718,0.0305626882459039,-0.03421309872922773,-0.017487139694095294
514,33.98788176190647,0.0167346701596312,-0.014351093466130702,-0.14077939444279056,0.0193802585115793,0.004887585532746819,-0.010333666996907236
515,34.001447060998686,0.0615517243619686,-0.014498778787635502,-0.14222803671650777,-0.0038283671812156,-0.014662756598240456,-0.01960968492485762
516,34.015966606438894,0.1312708686416491,-0.0145099132393885,-0.14233725419882556,-0.0014800814022861,-0.08308895405669592,-0.018484205669656778
517,34.00601449232448,0.0171467249390592,-0.014303062460616101,-0.14030825863675753,0.004731575916714,-0.17106549364613866,0.002057049985308491
518,34.00573871406131,0.0053526903108941,-0.0140962116818437,-0.13827925707128572,0.0115252968222095,-0.20039100684261957,0.037729312325629684
519,34.00852645040319,-0.00420597723817,-0.0145926988855774,-0.14314929540911206,-0.0193655112483066,-0.15151515151515138,0.060632413819179706
520,34.02525351284991,0.1396779441925358,-0.0151756343191011,-0.14886725849829874,-0.0632868554040602,-0.07331378299120228,0.05619508047534747
521,34.026017541112175,0.0521322207596261,-0.0154954491334134,-0.1520042728974775,-0.0623640147023451,-0.06353861192570864,0.04139825478086521
522,34.02087781808633,-0.0331117392332566,-0.0153982716935524,-0.15105107594313946,-0.0476676306188512,-0.15151515151515138,0.03958840318552859
523,34.02224979254265,-0.0214252308116034,-0.0153010942536914,-0.15009787756235743,-0.0435851137595443,-0.19061583577712593,0.06371461726676575
524,34.034599930681885,0.0900534124804725,-0.015258387587807,-0.1496789740756204,-0.0537759947501478,-0.19061583577712593,0.086382923425782
525,34.01669421013705,-0.0691591151929769,-0.0152237962410253,-0.14933967237586912,-0.0535915619816896,-0.20039100684261957,0.10164375983182937
526,34.01880220682657,-0.0418863271476609,-0.015090648680450998,-0.14803364484625436,-0.0405866745965811,-0.24926686217008776,0.12086873629314698
527,34.00910623495853,-0.0816988058662344,-0.014802613949695,-0.14520833976578756,-0.0291030349922179,-0.2590420332355814,0.15266351038913595
528,34.00914334292101,-0.0211014887157975,-0.014514579218939,-0.14238302263825522,-0.0187667536885501,-0.22971652003910048,0.18274591781164706
529,33.98999706031511,-0.1255290178700759,-0.015002797543974501,-0.14717192275551103,-0.0191770798266951,-0.17106549364613866,0.2006432796229363
530,33.987510566040456,-0.0823960118833183,-0.0155849924285105,-0.152882586555715,-0.0215227483914864,-0.11241446725317683,0.20536002397966538
531,33.97244342575388,-0.1193417100510334,-0.0160214795582811,-0.15716399058535874,-0.0246312430433467,-0.11241446725317683,0.20213566957952275
532,33.9695863992091,-0.0534116766273189,-0.0162159153430693,-0.15907115785144355,-0.0275989428892488,-0.08308895405669592,0.2069225540224219
533,33.95369846233209,-0.1449877712184784,-0.0164103511278574,-0.16097831910379862,0.0034933244287561,-0.07331378299120228,0.21567437286439067
534,33.9525157361274,-0.0396549002425615,-0.0161059825638726,-0.1579928581165443,0.023166283309961,-0.11241446725317683,0.22682150333277876
535,33.94456265919556,-0.0495871891824301,-0.0157300161428487,-0.15430509480507187,0.0226557246417619,-0.11241446725317683,0.24633290311082148
536,33.93070429393244,-0.1101648699085374,-0.0154637587882277,-0.15169342785699247,0.0383199176025761,-0.12218963831867047,0.2656759336533025
537,33.93294264003606,-0.0467680190266463,-0.0153756988255296,-0.15082966232129522,0.0390724143134668,-0.14173998044965774,0.2841272699676859
538,33.93031991965651,-0.0454779654703894,-0.0152876388628315,-0.14996589561598073,0.0372222125122548,-0.14173998044965774,0.30509487558285364
539,33.91551070523678,-0.0959963610169924,-0.0152839424145745,-0.14992963769492146,0.0341745283739408,-0.15151515151515138,0.323191662755051
540,33.90580541422227,-0.0988876508497787,-0.015291001084798599,-0.14999887515839905,0.0351617960729682,-0.17106549364613866,0.34322609655909425
541,33.88715631573411,-0.1773797273238085,-0.0150331981917767,-0.14747011947959532,0.0381836243224515,-0.14173998044965774,0.36792666580449973
542,33.8896256515738,-0.0584052205586098,-0.0143578234288118,-0.14084540857498634,0.0295473308154215,-0.08308895405669592,0.380861145409274
543,33.87247264978423,-0.1204489500147011,-0.013682448665846902,-0.1342206334264128,0.0327834905331256,-0.053763440860215006,0.38256750304508347
544,33.85978355755264,-0.1386026924609738,-0.0132192561336965,-0.12967712577566307,0.0407743402282702,0.04398826979472137,0.38605477100295366
545,33.857308421853524,-0.0835522292556163,-0.0127873268774904,-0.12544025802709807,0.0490444009615886,0.12218963831867047,0.3727232526651998
546,33.85917913464227,-0.0187761544027189,-0.0123569032557516,-0.12121813602265416,0.0387224940669735,0.15151515151515138,0.3470637056847482
547,33.8509898948946,-0.0293516797455201,-0.0119288371119303,-0.11701911677406619,0.0061345141032255,0.14173998044965774,0.3190421923176192
548,33.844410169128714,-0.0664424219551861,-0.011500770968109,-0.11282007608282266,0.0099243778282664,0.1026392961876832,0.30450545185824385
549,33.8407309444005,-0.0633811994921568,-0.0111333704415034,-0.10921610774049532,0.0010140257127652,0.1319648093841641,0.2993488988194496
550,33.84474665523252,0.0379697716811218,-0.0107739149290836,-0.10569006072481126,-0.0749210599571274,0.024437927663734094,0.2653133944500585
551,33.8235429344882,-0.0936374393078889,-0.0106864226212415,-0.10483181059549182,-0.0810146332863511,0.06353861192570864,0.26359285640668345
552,33.814480271026326,-0.1232292189454655,-0.0110218987043768,-0.10812263709535187,-0.122315117457748,-0.03421309872922773,0.23896648289553296
553,33.81023405132243,-0.0839891493139136,-0.011357374787512,-0.11141345142663507,-0.1343728231668443,-0.07331378299120228,0.23685779722711195
554,33.81348437193593,0.0561642165255553,-0.0128537774973945,-0.12609208503528738,-0.2189292002927376,-0.08308895405669592,0.22038332937241145
555,33.79605763120668,-0.079752551881583,-0.0145048565106783,-0.14228765291028447,-0.2492689379763695,-0.1319648093841641,0.1984360107988808
556,33.78898972755959,-0.1254022366661841,-0.0159997898018604,-0.15695124134590363,-0.2811889937051881,-0.20039100684261957,0.18483139387902528
557,33.80703778717241,0.0783603536403581,-0.0172410171724005,-0.16912599931143324,-0.3033706700870643,-0.2101661779081132,0.1819988069261835
558,33.80233365918465,0.0613089651720071,-0.0184822445429406,-0.18130049671380594,-0.3156707223838415,-0.21994134897360684,0.17354077896082712
559,33.77900571722331,-0.1378569883317592,-0.0199894874189973,-0.19608381245611858,-0.3241587256604269,-0.2101661779081132,0.16316800041291205
560,33.79170182257624,0.0003066035955958,-0.0215325851079644,-0.21121833705099013,-0.3442794923991016,-0.2590420332355814,0.14557966568843342
561,33.78978224672213,-0.0130641931846479,-0.0230577772489141,-0.22617675200551046,-0.4432330576226164,-0.3176930596285432,0.1184650437408704
562,33.78470995027258,0.0179318681114931,-0.0245534592694507,-0.24084523390859502,-0.4631443601623912,-0.27859237536656867,0.10676683585014768
563,33.77236622709967,-0.1068230181334249,-0.0260491412899873,-0.25551317702540743,-0.4765392777045,-0.3861192570869987,0.08157097552439362
564,33.77632794055321,-0.035084506250719,-0.0268536161844441,-0.2634023148044233,-0.5289445181235921,-0.42521994134897323,0.07233345558990782
565,33.78716399627244,0.0605199756717606,-0.027561151806529804,-0.27034067028981745,-0.5432688048364499,-0.4740957966764414,0.06696826468210566
566,33.78363119141195,0.0342812181460718,-0.028127904917809,-0.2758983630518791,-0.5450620282262543,-0.562072336265885,0.06787052433237582
567,33.78393571727652,-0.0406038259332077,-0.0284567459217143,-0.2791230022646899,-0.5506429267027805,-0.6011730205278596,0.08320902581941673
568,33.788263187859506,0.0068582757286409,-0.028785586925619604,-0.28234761129414276,-0.5549141407636402,-0.6500488758553278,0.09714766754338161
569,33.806266402876545,0.1623087046779383,-0.028659850514431297,-0.281114645870975,-0.5647461238657436,-0.6500488758553278,0.1130681345190009
570,33.79064249203111,-0.0360040996610342,-0.028475520965924598,-0.2793071108297011,-0.5626613039366931,-0.6304985337243405,0.12417226136873388
571,33.79374369702187,-0.0391508120188889,-0.0283061557009674,-0.2776463071441805,-0.5725362952476077,-0.5229716520039105,0.12590058332389675
572,33.802904869219795,0.0121275095770134,-0.0281602843919045,-0.27621587990025576,-0.5744035276480726,-0.5522971652003914,0.1036638888818927
573,33.80834996676829,0.0932355246763236,-0.0280144130828416,-0.2747854467788884,-0.5861587800283743,-0.6011730205278596,0.09697481638658442
574,33.80989238067289,0.024784224529212,-0.027745618266323505,-0.27214959438647407,-0.6006110310252727,-0.5718475073313787,0.10285039097504153
575,33.825983409425234,0.0762337716349257,-0.027460253819839502,-0.2693512355801893,-0.6024819934020786,-0.591397849462366,0.09718149386608499
576,33.834354649756975,0.1265307105400046,-0.0274120176208945,-0.26887821655497524,-0.6003338512070979,-0.5816226783968723,0.09771566526051505
577,33.825861076828026,0.0021183283534919,-0.027739869004873196,-0.2720932158347597,-0.592290853342406,-0.5425219941348978,0.09755289884072413
578,33.829225243044604,-0.0134487414137266,-0.0280677203888519,-0.27530818586818884,-0.5870845648611532,-0.5327468230694041,0.08819183238759361
579,33.84794429599948,0.1190870878448816,-0.0279491365729046,-0.2741453348956138,-0.6188923722342262,-0.4740957966764414,0.07187609155645669
580,33.85126487341259,0.0841241117122237,-0.0277674161156601,-0.27236334892118313,-0.610557122936619,-0.4936461388074287,0.0488812207256544
581,33.8521660539124,0.0216701626467831,-0.027833126281520505,-0.2730077165665447,-0.6101084957009986,-0.5131964809384169,0.03740810250030188
582,33.87005289906198,0.0943005504239046,-0.028284763874445798,-0.27743653732835344,-0.5974221054651986,-0.5131964809384169,0.03462310142013783
583,33.866283237076075,0.0308724756123478,-0.0287364014673711,-0.281865301499625,-0.5978637166409272,-0.48387096774193505,0.0278022158783731
584,33.86320896766441,0.0167289449142025,-0.028490516800523905,-0.2794541602976287,-0.6136917265631924,-0.3665689149560114,0.008384934321071683
585,33.864625289167,-0.0283405865919533,-0.0281515148762224,-0.27612988504908803,-0.6349965242593597,-0.4936461388074287,-0.040533136103013664
586,33.86222805106885,-0.0385307992007972,-0.0279094899868979,-0.2737565535699771,-0.6225546387270133,-0.5816226783968723,-0.0409584356380285
587,33.8741875009433,0.0823949473669471,-0.027824673813090804,-0.27292482995728073,-0.6212975432738409,-0.562072336265885,-0.024860233152334408
588,33.865584312413944,-0.0036610325477906,-0.027739857639283803,-0.27209310438122325,-0.6221352098676127,-0.48387096774193505,-0.02903223509416432
589,33.871488157844425,0.0116988841887539,-0.0282976747559166,-0.2775631423917693,-0.6263478258382152,-0.4447702834799605,-0.056063271164431036
590,33.86917730362949,-0.0235167041269438,-0.0289429675213186,-0.2838908718320508,-0.6316143267240225,-0.5229716520039105,-0.08541575695803352
591,33.8835765948059,0.1283239691755418,-0.028795338661344004,-0.2824432361766165,-0.635374017734789,-0.6011730205278596,-0.08843673613708175
592,33.87903453119787,0.0094876160086749,-0.027411150729421095,-0.26886971554442957,-0.6216089200715518,-0.6402737047898341,-0.07347567898467178
593,33.87360244477063,-0.072035917832579,-0.026026962797498197,-0.2552956797643408,-0.5681045117959715,-0.6207233626588469,-0.04823461383703187
594,33.8809469161884,0.04351019271078,-0.0261068718911938,-0.2560793216617529,-0.5743184708461214,-0.5327468230694041,-0.0423445855189904
595,33.88360746293137,0.0566568028661964,-0.0264051932108161,-0.25900484510908783,-0.6009716098200825,-0.45454545454545414,-0.06680998651266185
596,33.883241105667736,0.0330028620409098,-0.0264909684720339,-0.25984600613912345,-0.6044898959705441,-0.5034213098729232,-0.0994839945827977
597,33.895691459994296,0.0757164793047347,-0.026221537837156302,-0.2572038095883279,-0.6164257317922944,-0.562072336265885,-0.10987009570266658
598,33.891519740585586,0.0094097129950602,-0.0259521072022787,-0.2545615943663705,-0.6030632402042114,-0.5816226783968723,-0.10178544550938776
